    unsorted:	 5.548222170 5.542708494 0.01853217381 0.01344101721 2.989283051 2.810339087 0.8695345083 0.2959168628 5.825300469 4.066597116 6.861492442 9.208511637 32.39597450 70.44479367 121.5550723 135.8371658 196.8043708 211.1774785 246.2814841 273.1219503 703.5677209 943.9328860 1337.143434 1865.079001 2257.110234 2123.162846 2545.919702 2917.004310 3415.393915 3779.522697 4202.518697 5391.167235 5853.150773 7384.482765 6999.916289 8278.168068 9442.045127 11561.82537 12167.20987 12755.38223 14644.98950 14649.17280 14171.22599 16342.00000 20746.17982 27078.89012 26925.28776 25219.08862 27737.06604 29616.89243 31129.85007 37289.21253 49916.12198 58309.45361 130551.6879 214639.9124 273225.6865 559790.9449 789474.6628 1037275.418 1303825.799 1550723.327 1873310.591 2064704.828 23244213.91
      sorted:	 0.01344101721 0.01853217381 0.2959168628 0.8695345083 2.810339087 2.989283051 4.066597116 5.542708494 5.548222170 5.825300469 6.861492442 9.208511637 32.39597450 70.44479367 121.5550723 135.8371658 196.8043708 211.1774785 246.2814841 273.1219503 703.5677209 943.9328860 1337.143434 1865.079001 2123.162846 2257.110234 2545.919702 2917.004310 3415.393915 3779.522697 4202.518697 5391.167235 5853.150773 6999.916289 7384.482765 8278.168068 9442.045127 11561.82537 12167.20987 12755.38223 14171.22599 14644.98950 14649.17280 16342.00000 20746.17982 25219.08862 26925.28776 27078.89012 27737.06604 29616.89243 31129.85007 37289.21253 49916.12198 58309.45361 130551.6879 214639.9124 273225.6865 559790.9449 789474.6628 1037275.418 1303825.799 1550723.327 1873310.591 2064704.828 23244213.91
