    unsorted:	 139.1478543 142.2332103 145.0375361 131.1860854 129.6916973 154.1608984 173.2103251 174.4920231 177.7942830 182.7287836 192.9918643 194.2536986 83.63515011 85.01463231 102.4291545 75.06031463 67.03375180 47.80830741 18.86426087 40.93585196 8.757751916 9.227074526 0.3868220844 0.2704868141 24.82657911 27.92663272 228.5390374 270.9519678 273.3540189 275.8638378 302.2658116 304.5366019 374.0498169 402.5913655 419.5144550 461.1134665 496.6910339 541.1741389 569.7277840 601.7215275 609.2525323 730.4598248 803.5491491 844.6485277 894.9742898 940.3893211 1020.943772 1057.110530 1201.285708 1238.336065 1374.303396 1385.697349 1546.216786 1616.744324 1800.441586 1857.506324 1935.244947 2124.881969 2268.729370 2321.036279 2456.294818 2629.908928 2787.121884 3175.926776 3552.860178 3785.735067 5294.905745 5642.294949 7301.858825 7875.913322 9029.400069 9513.671943 10966.34945 11541.88653 15238.94962 16686.23635 20454.86108 21394.23466 22328.40967 25368.52400 31476.32359 38391.58546 44778.81387 55208.61017 62450.07149 79738.27801 84269.50249 110580.4767 183309.2209 194793.2761 250625.7732 1166289.613
      sorted:	 0.2704868141 0.3868220844 8.757751916 9.227074526 18.86426087 24.82657911 27.92663272 40.93585196 47.80830741 67.03375180 75.06031463 83.63515011 85.01463231 102.4291545 129.6916973 131.1860854 139.1478543 142.2332103 145.0375361 154.1608984 173.2103251 174.4920231 177.7942830 182.7287836 192.9918643 194.2536986 228.5390374 270.9519678 273.3540189 275.8638378 302.2658116 304.5366019 374.0498169 402.5913655 419.5144550 461.1134665 496.6910339 541.1741389 569.7277840 601.7215275 609.2525323 730.4598248 803.5491491 844.6485277 894.9742898 940.3893211 1020.943772 1057.110530 1201.285708 1238.336065 1374.303396 1385.697349 1546.216786 1616.744324 1800.441586 1857.506324 1935.244947 2124.881969 2268.729370 2321.036279 2456.294818 2629.908928 2787.121884 3175.926776 3552.860178 3785.735067 5294.905745 5642.294949 7301.858825 7875.913322 9029.400069 9513.671943 10966.34945 11541.88653 15238.94962 16686.23635 20454.86108 21394.23466 22328.40967 25368.52400 31476.32359 38391.58546 44778.81387 55208.61017 62450.07149 79738.27801 84269.50249 110580.4767 183309.2209 194793.2761 250625.7732 1166289.613
