    unsorted:	 28.52229472 28.51270108 28.50155331 28.48681205 28.47617831 28.47299662 28.45902765 28.53422760 28.54133881 28.55327334 28.57716779 28.58583588 28.41534193 28.41739907 28.36728965 28.64700434 28.22241799 28.79768988 28.12326956 28.05069029 27.04412708 30.16292403 26.31696075 26.05205212 24.99750194 24.41248848 32.09254820 31.96434845 32.57723533 23.44825034 19.58791032 17.63241759 39.93149882 64.29345978 63.72383975 62.16674640 66.43491836 69.89507947 73.41254788 80.59074786 87.65664246 92.37218860 93.91770775 110.0097927 124.5434613 130.9822207 139.0720455 145.6979501 154.4060317 173.0293458 183.2912791 207.3014217 247.9888643 259.3955025 288.1178486 320.1230156 336.2468516 375.8038998 387.2831620 425.1595011 496.9066755 517.1971526 540.1449639 572.4933456 697.9966217 737.2681220 794.4085648 954.6420303 1036.612031 1041.013390 1021.270649 1137.360152 1278.556769 1370.800840 1552.075003 1524.389959 1627.657470 1775.121940 1974.386327 2141.167336 2385.809140 2468.531659 2749.852955 3167.175635 3781.863943 3906.392354 4049.768605 4680.631564 5576.983554 6155.020271 7436.605891 8515.303007 9940.439461 10676.94968 12579.78926 12901.58317 13149.94303 14070.37616 15526.54024 16649.21612 17178.78730 17748.53018 19385.57317 19846.04798 22071.09200 23239.67235 24941.95920 27070.18373 28729.27813 31873.94195 36553.08736 52500.52685 63930.09268 73085.03716 93233.52742 128436.5064 156515.7643 269404.1675 349905.0085 350253.8044 617665.9183
      sorted:	 17.63241759 19.58791032 23.44825034 24.41248848 24.99750194 26.05205212 26.31696075 27.04412708 28.05069029 28.12326956 28.22241799 28.36728965 28.41534193 28.41739907 28.45902765 28.47299662 28.47617831 28.48681205 28.50155331 28.51270108 28.52229472 28.53422760 28.54133881 28.55327334 28.57716779 28.58583588 28.64700434 28.79768988 30.16292403 31.96434845 32.09254820 32.57723533 39.93149882 62.16674640 63.72383975 64.29345978 66.43491836 69.89507947 73.41254788 80.59074786 87.65664246 92.37218860 93.91770775 110.0097927 124.5434613 130.9822207 139.0720455 145.6979501 154.4060317 173.0293458 183.2912791 207.3014217 247.9888643 259.3955025 288.1178486 320.1230156 336.2468516 375.8038998 387.2831620 425.1595011 496.9066755 517.1971526 540.1449639 572.4933456 697.9966217 737.2681220 794.4085648 954.6420303 1021.270649 1036.612031 1041.013390 1137.360152 1278.556769 1370.800840 1524.389959 1552.075003 1627.657470 1775.121940 1974.386327 2141.167336 2385.809140 2468.531659 2749.852955 3167.175635 3781.863943 3906.392354 4049.768605 4680.631564 5576.983554 6155.020271 7436.605891 8515.303007 9940.439461 10676.94968 12579.78926 12901.58317 13149.94303 14070.37616 15526.54024 16649.21612 17178.78730 17748.53018 19385.57317 19846.04798 22071.09200 23239.67235 24941.95920 27070.18373 28729.27813 31873.94195 36553.08736 52500.52685 63930.09268 73085.03716 93233.52742 128436.5064 156515.7643 269404.1675 349905.0085 350253.8044 617665.9183
