stock 1	mov_t_blk	1	age	1
 0 0.333333 0.333333 0.333333 0
 0 0.477724 0.261138 0.261138 0
 0 0.0115738 0.976852 0.0115738 0
 0 0.251809 0.251809 0.496382 0
 0 0 0 0 0
stock 1	mov_t_blk	1	age	2
 5.10909e-12 0.333333 0.333333 0.333333 0
 5.10909e-12 0.477724 0.261138 0.261138 0
 5.10909e-12 0.0115738 0.976852 0.0115738 0
 5.10909e-12 0.251809 0.251809 0.496382 0
 0 0 0 0 0
stock 1	mov_t_blk	1	age	3
 3.77513e-11 0.333333 0.333333 0.333333 0
 3.77513e-11 0.477724 0.261138 0.261138 0
 3.77513e-11 0.0115738 0.976852 0.0115738 0
 3.77513e-11 0.251809 0.251809 0.496382 0
 0 0 0 0 0
stock 1	mov_t_blk	1	age	4
 2.78947e-10 0.333333 0.333333 0.333333 0
 2.78947e-10 0.477724 0.261138 0.261138 0
 2.78947e-10 0.0115738 0.976852 0.0115738 0
 2.78947e-10 0.251809 0.251809 0.496382 0
 0 0 0 0 0
stock 1	mov_t_blk	1	age	5
 2.06115e-09 0.333333 0.333333 0.333333 0
 2.06115e-09 0.477724 0.261138 0.261138 0
 2.06115e-09 0.0115738 0.976852 0.0115738 0
 2.06115e-09 0.251809 0.251809 0.496382 0
 0 0 0 0 0
stock 1	mov_t_blk	1	age	6
 1.523e-08 0.333333 0.333333 0.333333 0
 1.523e-08 0.477724 0.261138 0.261138 0
 1.523e-08 0.0115738 0.976852 0.0115738 0
 1.523e-08 0.251809 0.251809 0.496382 0
 0 0 0 0 0
stock 1	mov_t_blk	1	age	7
 1.12535e-07 0.333333 0.333333 0.333333 0
 1.12535e-07 0.477724 0.261138 0.261138 0
 1.12535e-07 0.0115738 0.976852 0.0115738 0
 1.12535e-07 0.251809 0.251809 0.496382 0
 0 0 0 0 0
stock 1	mov_t_blk	1	age	8
 8.31528e-07 0.333333 0.333333 0.333333 0
 8.31528e-07 0.477724 0.261138 0.261138 0
 8.31528e-07 0.0115738 0.976852 0.0115738 0
 8.31528e-07 0.251809 0.251809 0.496382 0
 0 0 0 0 0
stock 1	mov_t_blk	1	age	9
 6.14417e-06 0.333331 0.333331 0.333331 0
 6.14417e-06 0.560427 0.219783 0.219783 0
 6.14417e-06 0.0488691 0.902256 0.0488691 0
 6.14417e-06 0.138249 0.138249 0.723497 0
 0 0 0 0 0
stock 1	mov_t_blk	1	age	10
 4.53979e-05 0.333318 0.333318 0.333318 0
 4.53979e-05 0.560405 0.219775 0.219775 0
 4.53979e-05 0.0488672 0.90222 0.0488672 0
 4.53979e-05 0.138243 0.138243 0.723468 0
 0 0 0 0 0
stock 1	mov_t_blk	1	age	11
 0.00033535 0.333222 0.333222 0.333222 0
 0.00033535 0.560242 0.219711 0.219711 0
 0.00033535 0.048853 0.901959 0.048853 0
 0.00033535 0.138203 0.138203 0.723259 0
 0 0 0 0 0
stock 1	mov_t_blk	1	age	12
 0.00247262 0.332509 0.332509 0.332509 0
 0.00247262 0.559045 0.219241 0.219241 0
 0.00247262 0.0487486 0.90003 0.0487486 0
 0.00247262 0.137908 0.137908 0.721712 0
 0 0 0 0 0
stock 1	mov_t_blk	1	age	13
 0.0179862 0.327338 0.327338 0.327338 0
 0.0179862 0.55035 0.215832 0.215832 0
 0.0179862 0.0479904 0.886033 0.0479904 0
 0.0179862 0.135763 0.135763 0.710488 0
 0 0 0 0 0
stock 1	mov_t_blk	1	age	14
 0.119203 0.293599 0.293599 0.293599 0
 0.119203 0.493625 0.193586 0.193586 0
 0.119203 0.043044 0.794709 0.043044 0
 0.119203 0.12177 0.12177 0.637258 0
 0 0 0 0 0
stock 1	mov_t_blk	1	age	15
 0.5 0.166667 0.166667 0.166667 0
 0.5 0.280215 0.109892 0.109892 0
 0.5 0.0244347 0.451131 0.0244347 0
 0.5 0.0691247 0.0691247 0.361751 0
 0 0 0 0 0
stock 1	mov_t_blk	1	age	16
 0.880797 0.0397343 0.0397343 0.0397343 0
 0.880797 0.0668049 0.026199 0.026199 0
 0.880797 0.00582538 0.107552 0.00582538 0
 0.880797 0.0164797 0.0164797 0.0862435 0
 0 0 0 0 0
stock 1	mov_t_blk	1	age	17
 0.982014 0.0059954 0.0059954 0.0059954 0
 0.982014 0.01008 0.0039531 0.0039531 0
 0.982014 0.000878975 0.0162283 0.000878975 0
 0.982014 0.00248658 0.00248658 0.013013 0
 0 0 0 0 0
stock 1	mov_t_blk	1	age	18
 0.997527 0.000824208 0.000824208 0.000824208 0
 0.997527 0.00138573 0.000543445 0.000543445 0
 0.997527 0.000120836 0.00223095 0.000120836 0
 0.997527 0.000341839 0.000341839 0.00178895 0
 0 0 0 0 0
stock 1	mov_t_blk	1	age	19
 0.999665 0.000111783 0.000111783 0.000111783 0
 0.999665 0.00018794 7.37049e-05 7.37049e-05 0
 0.999665 1.63884e-05 0.000302573 1.63884e-05 0
 0.999665 4.6362e-05 4.6362e-05 0.000242626 0
 0 0 0 0 0
stock 1	mov_t_blk	1	age	20
 0.999955 1.51326e-05 1.51326e-05 1.51326e-05 0
 0.999955 2.54423e-05 9.97776e-06 9.97776e-06 0
 0.999955 2.21857e-06 4.09607e-05 2.21857e-06 0
 0.999955 6.27623e-06 6.27623e-06 3.28454e-05 0
 0 0 0 0 0
stock 1	mov_t_blk	1	age	21
 0.999994 2.04806e-06 2.04806e-06 2.04806e-06 0
 0.999994 3.44338e-06 1.3504e-06 1.3504e-06 0
 0.999994 3.00262e-07 5.54365e-06 3.00262e-07 0
 0.999994 8.49429e-07 8.49429e-07 4.44532e-06 0
 0 0 0 0 0
stock 1	mov_t_blk	1	age	22
 0.999999 2.77176e-07 2.77176e-07 2.77176e-07 0
 0.999999 4.66014e-07 1.82757e-07 1.82757e-07 0
 0.999999 4.06363e-08 7.50255e-07 4.06363e-08 0
 0.999999 1.14958e-07 1.14958e-07 6.01612e-07 0
 0 0 0 0 0
stock 1	mov_t_blk	1	age	23
 1 3.75117e-08 3.75117e-08 3.75117e-08 0
 1 6.30681e-08 2.47335e-08 2.47335e-08 0
 1 5.49953e-09 1.01536e-07 5.49953e-09 0
 1 1.55579e-08 1.55579e-08 8.14193e-08 0
 0 0 0 0 0
stock 1	mov_t_blk	1	age	24
 1 5.07666e-09 5.07666e-09 5.07666e-09 0
 1 8.53534e-09 3.34732e-09 3.34732e-09 0
 1 7.4428e-10 1.37414e-08 7.4428e-10 0
 1 2.10554e-09 2.10554e-09 1.10189e-08 0
 0 0 0 0 0
stock 1	mov_t_blk	1	age	25
 1 6.87051e-10 6.87051e-10 6.87051e-10 0
 1 1.15513e-09 4.5301e-10 4.5301e-10 0
 1 1.00727e-10 1.8597e-09 1.00727e-10 0
 1 2.84953e-10 2.84953e-10 1.49125e-09 0
 0 0 0 0 0
stock 1	mov_t_blk	1	age	26
 1 9.29823e-11 9.29823e-11 9.29823e-11 0
 1 1.5633e-10 6.13083e-11 6.13083e-11 0
 1 1.3632e-11 2.51683e-10 1.3632e-11 0
 1 3.85642e-11 3.85642e-11 2.01818e-10 0
 0 0 0 0 0
stock 1	mov_t_blk	1	age	27
 1 1.25838e-11 1.25838e-11 1.25838e-11 0
 1 2.1157e-11 8.29717e-12 8.29717e-12 0
 1 1.84489e-12 3.40616e-11 1.84489e-12 0
 1 5.2191e-12 5.2191e-12 2.73132e-11 0
 0 0 0 0 0
stock 1	mov_t_blk	1	age	28
 1 1.70301e-12 1.70301e-12 1.70301e-12 0
 1 2.86325e-12 1.12289e-12 1.12289e-12 0
 1 2.49675e-13 4.60967e-12 2.49675e-13 0
 1 7.0632e-13 7.0632e-13 3.69639e-12 0
 0 0 0 0 0
stock 1	mov_t_blk	1	age	29
 1 2.30482e-13 2.30482e-13 2.30482e-13 0
 1 3.87508e-13 1.5197e-13 1.5197e-13 0
 1 3.37906e-14 6.23866e-13 3.37906e-14 0
 1 9.55921e-14 9.55921e-14 5.00263e-13 0
 0 0 0 0 0
stock 1	mov_t_blk	1	age	30
 1 3.11603e-14 3.11603e-14 3.11603e-14 0
 1 5.23895e-14 2.05457e-14 2.05457e-14 0
 1 4.56835e-15 8.43441e-14 4.56835e-15 0
 1 1.29237e-14 1.29237e-14 6.76335e-14 0
 0 0 0 0 0
stock 2	mov_t_blk	1	age	1
 0 0 0 0 0
 0 0 0 0 0
 0 0 0.953283 0.0467174 0
 0 0 0.0785531 0.921447 0
 0 0 0.0422405 0.957759 0
stock 2	mov_t_blk	1	age	2
 0 0 0 0 0
 0 0 0 0 0
 0 0 0.849283 0.0416206 0.109097
 0 0 0.0699832 0.82092 0.109097
 0 0 0.0376322 0.853271 0.109097
stock 2	mov_t_blk	1	age	3
 0 0 0 0 0
 0 0 0 0 0
 0 0 0.764708 0.0374759 0.197816
 0 0 0.063014 0.73917 0.197816
 0 0 0.0338847 0.768299 0.197816
stock 2	mov_t_blk	1	age	4
 0 0 0 0 0
 0 0 0 0 0
 0 0 0.636972 0.031216 0.331812
 0 0 0.0524882 0.6157 0.331812
 0 0 0.0282246 0.639963 0.331812
stock 2	mov_t_blk	1	age	5
 0 0 0 0 0
 0 0 0 0 0
 0 0 0.476641 0.0233587 0.5
 0 0 0.0392765 0.460723 0.5
 0 0 0.0211203 0.47888 0.5
stock 2	mov_t_blk	1	age	6
 0 0 0 0 0
 0 0 0 0 0
 0 0 0.316311 0.0155014 0.668188
 0 0 0.0260649 0.305747 0.668188
 0 0 0.0140159 0.317796 0.668188
stock 2	mov_t_blk	1	age	7
 0 0 0 0 0
 0 0 0 0 0
 0 0 0.188575 0.00924145 0.802184
 0 0 0.0155391 0.182277 0.802184
 0 0 0.00835585 0.18946 0.802184
stock 2	mov_t_blk	1	age	8
 0 0 0 0 0
 0 0 0 0 0
 0 0 0.104 0.00509672 0.890903
 0 0 0.00856989 0.100527 0.890903
 0 0 0.00460831 0.104489 0.890903
stock 2	mov_t_blk	1	age	9
 0 0 0 0 0
 0 0 0 0 0
 0 0 0.0515402 0.00578394 0.942676
 0 0 0.0421143 0.0152099 0.942676
 0 0 0.0507086 0.00661558 0.942676
stock 2	mov_t_blk	1	age	10
 0 0 0 0 0
 0 0 0 0 0
 0 0 0.0263547 0.00295757 0.970688
 0 0 0.0215348 0.00777743 0.970688
 0 0 0.0259294 0.00338282 0.970688
stock 2	mov_t_blk	1	age	11
 0 0 0 0 0
 0 0 0 0 0
 0 0 0.0132833 0.00149068 0.985226
 0 0 0.010854 0.00392 0.985226
 0 0 0.013069 0.00170502 0.985226
stock 2	mov_t_blk	1	age	12
 0 0 0 0 0
 0 0 0 0 0
 0 0 0.00664574 0.000745797 0.992608
 0 0 0.00543034 0.0019612 0.992608
 0 0 0.00653851 0.000853031 0.992608
stock 2	mov_t_blk	1	age	13
 0 0 0 0 0
 0 0 0 0 0
 0 0 0.0033125 0.000371735 0.996316
 0 0 0.0027067 0.000977541 0.996316
 0 0 0.00325906 0.000425185 0.996316
stock 2	mov_t_blk	1	age	14
 0 0 0 0 0
 0 0 0 0 0
 0 0 0.001648 0.000184941 0.998167
 0 0 0.0013466 0.000486335 0.998167
 0 0 0.00162141 0.000211533 0.998167
stock 2	mov_t_blk	1	age	15
 0 0 0 0 0
 0 0 0 0 0
 0 0 0.000819127 9.1924e-05 0.999089
 0 0 0.000669321 0.00024173 0.999089
 0 0 0.00080591 0.000105141 0.999089
stock 2	mov_t_blk	1	age	16
 0 0 0 0 0
 0 0 0 0 0
 0 0 0.000406953 4.5669e-05 0.999547
 0 0 0.000332528 0.000120095 0.999547
 0 0 0.000400387 5.22355e-05 0.999547
stock 2	mov_t_blk	1	age	17
 0 0 0 0 0
 0 0 0 0 0
 0 0 0.000202133 2.26837e-05 0.999775
 0 0 0.000165166 5.96508e-05 0.999775
 0 0 0.000198871 2.59453e-05 0.999775
stock 2	mov_t_blk	1	age	18
 0 0 0 0 0
 0 0 0 0 0
 0 0 0.000100388 1.12657e-05 0.999888
 0 0 8.20283e-05 2.9625e-05 0.999888
 0 0 9.87678e-05 1.28855e-05 0.999888
stock 2	mov_t_blk	1	age	19
 0 0 0 0 0
 0 0 0 0 0
 0 0 4.98538e-05 5.59469e-06 0.999945
 0 0 4.07363e-05 1.47122e-05 0.999945
 0 0 4.90494e-05 6.39911e-06 0.999945
stock 2	mov_t_blk	1	age	20
 0 0 0 0 0
 0 0 0 0 0
 0 0 2.47574e-05 2.77832e-06 0.999972
 0 0 2.02296e-05 7.30606e-06 0.999972
 0 0 2.43579e-05 3.17779e-06 0.999972
stock 2	mov_t_blk	1	age	21
 0 0 0 0 0
 0 0 0 0 0
 0 0 1.22943e-05 1.37969e-06 0.999986
 0 0 1.00459e-05 3.62813e-06 0.999986
 0 0 1.20959e-05 1.57807e-06 0.999986
stock 2	mov_t_blk	1	age	22
 0 0 0 0 0
 0 0 0 0 0
 0 0 6.10522e-06 6.85139e-07 0.999993
 0 0 4.98867e-06 1.80169e-06 0.999993
 0 0 6.00671e-06 7.83651e-07 0.999993
stock 2	mov_t_blk	1	age	23
 0 0 0 0 0
 0 0 0 0 0
 0 0 3.03177e-06 3.40231e-07 0.999997
 0 0 2.47731e-06 8.94696e-07 0.999997
 0 0 2.98285e-06 3.89151e-07 0.999997
stock 2	mov_t_blk	1	age	24
 0 0 0 0 0
 0 0 0 0 0
 0 0 1.50554e-06 1.68954e-07 0.999998
 0 0 1.2302e-06 4.44293e-07 0.999998
 0 0 1.48124e-06 1.93247e-07 0.999998
stock 2	mov_t_blk	1	age	25
 0 0 0 0 0
 0 0 0 0 0
 0 0 7.47628e-07 8.39002e-08 0.999999
 0 0 6.10898e-07 2.2063e-07 0.999999
 0 0 7.35564e-07 9.59636e-08 0.999999
stock 2	mov_t_blk	1	age	26
 0 0 0 0 0
 0 0 0 0 0
 0 0 3.71261e-07 4.16636e-08 1
 0 0 3.03363e-07 1.09562e-07 1
 0 0 3.65271e-07 4.76542e-08 1
stock 2	mov_t_blk	1	age	27
 0 0 0 0 0
 0 0 0 0 0
 0 0 1.84363e-07 2.06895e-08 1
 0 0 1.50646e-07 5.44067e-08 1
 0 0 1.81388e-07 2.36644e-08 1
stock 2	mov_t_blk	1	age	28
 0 0 0 0 0
 0 0 0 0 0
 0 0 9.15519e-08 1.02741e-08 1
 0 0 7.48085e-08 2.70176e-08 1
 0 0 9.00747e-08 1.17514e-08 1
stock 2	mov_t_blk	1	age	29
 0 0 0 0 0
 0 0 0 0 0
 0 0 4.54633e-08 5.10198e-09 1
 0 0 3.71488e-08 1.34165e-08 1
 0 0 4.47298e-08 5.83556e-09 1
stock 2	mov_t_blk	1	age	30
 0 0 0 0 0
 0 0 0 0 0
 0 0 2.25764e-08 2.53357e-09 1
 0 0 1.84475e-08 6.66245e-09 1
 0 0 2.22121e-08 2.89785e-09 1
